R:
  rows: 3
  cols: 3
  data: [0.978892, -0.130706, -0.157117, -0.0913032, -0.967459, 0.235981, 0.182848, 0.216655, 0.958972]

t:
  rows: 3
  cols: 1
  data: [0.345886, -0.0316295, 0.555259]
